0.5 1
1.75 1
2.25 2
3.25 2
4.0 3
5.75 3
6.25 2
7.25 2
8.25 1
9.75 1
10.25 2
11.0 2
11.75 4
13.75 4
14.25 3
15.25 2
16.25 1
17.25 4
17.75 1
18.25 2
19.25 2
20.0 3
21.25 4
21.75 4
22.25 3
23.25 2
24.25 1
25.25 4
25.75 1
26.25 2
27.0 2
27.75 4
30.75 1
31.25 4
32.25 1
33.25 4
33.75 3
34.25 4
35.0 2
36.0 3
36.75 4
37.25 2
37.75 3
38.25 1
38.75 3
39.25 1
39.75 4
40.25 1
40.75 2
41.0 3
41.5 4
42.0 2
42.25 4
42.75 3
43.0 4
43.5 2
43.75 4
44.75 2
45.25 3
45.75 4
46.25 1
46.5 4
47.25 1
47.5 4
48.25 1
48.75 2
49.25 3
49.75 4
50.25 1
50.5 3
50.75 4
51.0 1
51.5 2
51.75 3
52.25 4
52.75 2
53.25 4
53.75 3
54.25 4
54.75 2
55.25 1
55.75 3
56.25 1
57.25 4
57.75 1
58.25 2
59.0 2
59.75 3
61.25 4
62.25 4
63.25 4
64.25 1
64.75 3
64.75 4
65.25 3
65.75 2
66.25 4
67.0 3
67.5 2
67.75 3
68.0 2
69.25 4
69.25 4
70.25 1
71.25 4
72.25 2
72.75 3
73.5 2
73.75 3
74.25 4
74.25 3
74.5 4
74.75 3
75.25 2
75.75 4
76.0 3
76.75 2
78.25 1
79.25 2
80.25 4
80.75 2
80.75 3
81.25 3
81.75 4
82.25 3
82.75 2
83.25 4
83.75 3
84.25 2
85.0 3
86.25 4
87.25 2
87.25 3
87.5 4
88.25 1
89.25 4
89.75 2
90.25 3
91.25 4
91.75 2
92.75 1
93.25 3
93.75 2
94.25 3
94.75 2
95.25 4
96.25 1
96.25 2
97.25 4
97.75 2
98.25 3
99.25 4
100.0 2
100.75 1
101.25 4
101.75 2
102.25 3
102.75 2
103.25 4
103.75 1
104.25 1
105.25 4
105.75 1
106.0 2
106.25 3
106.25 4
107.0 4
107.5 4
107.75 3
108.25 2
108.75 2
109.25 4
109.75 4
110.25 2
110.75 4
111.25 3
111.75 4
112.25 1
113.25 4
113.75 1
114.25 2
115.25 4
116.0 3
117.0 4
117.0 2
117.25 2
117.75 4
118.25 3
119.25 2
119.25 4
120.25 3
120.25 1
121.25 4
121.75 2
121.75 1
122.25 2
122.25 3
123.0 4
123.0 3
123.75 2
123.75 3
128.25 1
129.25 1
130.25 1
131.25 1
131.75 2
132.25 1
132.5 4
133.0 3
133.5 4
133.75 1
134.25 4
134.75 1
135.5 1
135.75 2
136.25 2
137.25 1
137.25 4
137.75 3
138.25 1
138.75 2
139.25 1
139.25 4
139.75 3
140.25 1
140.75 2
141.25 1
141.25 4
141.75 3
142.25 1
142.75 2
143.25 1
144.25 1
145.25 4
145.25 1
146.25 1
146.25 4
147.25 4
147.25 1
147.75 2
148.25 3
148.25 1
148.75 4
149.25 1
149.75 3
150.25 1
150.75 2
151.25 1
151.75 4
152.25 1
153.25 1
153.75 2
154.25 1
155.25 1
155.75 4
156.25 1
157.25 1
157.75 2
158.25 1
159.25 1
160.25 1
161.25 4
161.25 1
162.25 4
162.25 1
163.25 4
163.25 1
163.75 2
164.25 1
164.25 3
164.75 4
165.25 1
165.75 3
166.25 1
166.75 2
167.25 1
167.75 2
168.25 1
169.25 4
169.25 1
170.0 3
170.25 1
170.75 2
171.25 4
171.25 1
171.75 3
172.25 1
172.75 2
173.25 1
173.25 4
173.75 3
174.25 1
174.75 2
175.25 1
176.25 1
177.25 4
177.25 1
177.75 3
178.25 1
179.25 1
179.25 2
180.25 1
180.25 3
181.25 1
181.25 3
182.0 3
182.0 4
182.5 1
183.5 2
183.5 1
183.75 4
184.25 1
185.25 1
186.25 1
187.25 1
188.25 1
189.5 2
189.75 3
190.25 4
190.75 3
191.25 2
192.25 1
192.75 4
193.25 3
193.75 4
194.25 2
195.25 2
196.0 4
196.25 2
196.75 4
197.25 3
197.75 4
198.25 1
198.5 2
198.75 3
199.0 4
199.25 1
199.75 4
200.25 2
200.25 3
201.25 2
201.25 3
201.75 4
202.25 2
202.25 3
203.0 2
203.0 3
203.75 1
203.75 3
203.75 4
204.75 1
205.25 4
205.75 2
206.25 4
206.75 2
206.75 3
207.25 4
207.75 2
207.75 3
208.25 1
208.75 4
209.25 2
209.25 3
209.75 4
210.25 2
211.0 2
211.25 3
211.5 4
212.0 2
212.0 4
212.75 3
213.25 4
213.75 2
214.25 1
214.75 3
215.25 4
215.75 2
216.25 1
216.75 3
217.25 2
217.75 4
218.25 2
218.25 3
219.0 2
219.0 3
219.75 2
219.75 4
220.75 2
220.75 4
221.25 2
221.25 4
221.75 2
221.75 4
222.25 2
222.25 4
222.75 2
222.75 4
222.75 3
223.25 2
223.25 4
223.75 2
223.75 4
224.25 1
224.75 4
225.25 2
225.25 3
225.75 4
226.25 2
226.75 4
227.25 3
227.75 4
228.25 1
229.25 2
229.5 3
229.75 4
230.25 1
231.25 1
232.0 1
233.25 2
233.75 4
234.25 1
235.25 2
235.75 4
236.25 1
237.25 3
237.75 4
238.75 4
239.75 4
240.25 1
241.25 2
241.75 4
242.25 1
243.25 3
243.75 4
244.25 1
245.0 2
245.75 4
246.75 4
247.75 4
