3.0 3
3.5 2
4.0 1
4.25 2
4.75 3
5.0 1
6.25 1
7.0 2
7.75 3
8.5 3
9.0 1
9.25 2
9.75 4
10.0 2
10.25 3
10.5 2
10.75 1
11.0 3
12.5 2
13.25 1
14.0 3
14.25 1
14.75 3
15.0 1
15.5 3
15.75 4
16.25 3
16.75 2
17.0 1
17.25 1
19.75 1
19.75 2
20.0 3
20.25 1
20.5 2
20.75 1
21.0 2
21.75 3
25.25 1
25.75 3
26.0 4
26.75 3
27.5 2
28.0 1
28.25 1
28.75 2
29.25 3
29.5 1
32.25 3
33.0 3
33.5 1
33.5 2
34.0 4
34.5 2
34.75 3
34.75 2
35.25 3
35.75 4
36.0 1
36.25 2
36.75 3
37.25 1
38.25 3
38.75 1
39.25 3
39.5 1
39.75 3
40.25 3
40.25 4
40.75 3
41.0 2
41.25 1
41.75 2
44.25 1
44.25 2
44.5 3
44.75 2
45.0 3
45.25 2
45.75 3
46.5 4
48.0 3
49.0 3
49.0 1
49.75 2
49.75 4
50.75 3
50.75 4
51.0 3
51.25 4
52.0 3
52.75 2
53.25 1
53.5 2
54.0 3
54.25 2
54.75 3
55.25 4
55.5 1
56.25 2
56.25 3
56.75 2
57.0 1
57.5 3
58.25 2
58.5 1
59.0 2
59.25 3
59.75 4
60.0 2
60.25 3
61.0 4
62.5 1
62.5 2
62.75 3
63.25 2
63.5 3
64.0 3
64.25 4
64.75 3
65.25 4
65.25 3
65.5 2
65.75 1
66.25 2
66.5 1
66.5 2
66.5 3
66.75 1
67.25 1
67.25 2
67.75 1
68.5 2
68.75 3
69.0 4
69.5 1
69.75 2
69.75 1
70.25 2
70.75 3
72.75 1
72.75 2
73.5 2
73.5 1
74.25 3
74.25 1
75.0 3
75.0 1
75.25 3
75.5 1
75.75 3
75.75 1
76.25 2
76.5 3
76.5 1
77.0 2
77.0 4
77.75 4
78.0 1
78.5 3
78.75 2
79.5 1
80.5 1
80.75 3
81.0 4
81.0 3
81.5 2
82.0 4
82.75 3
83.5 2
83.75 1
84.25 2
84.5 3
85.0 1
85.25 2
85.75 3
86.25 1
86.75 2
87.0 3
87.5 1
87.75 3
88.75 4
89.5 2
89.5 3
89.75 4
90.0 3
90.25 2
90.75 1
91.0 2
91.0 3
92.5 3
92.5 1
93.25 3
93.5 1
93.75 3
93.75 1
94.5 3
94.5 1
95.5 3
95.5 1
96.5 3
96.5 1
96.5 1
97.25 1
97.25 3
98.0 3
98.0 1
98.75 2
99.5 2
99.75 2
100.25 2
100.5 1
101.0 2
101.25 3
102.0 4
102.5 2
103.0 3
103.25 2
104.0 1
105.25 2
105.75 3
106.0 2
106.5 4
107.0 3
108.0 2
108.25 1
108.5 2
109.0 3
109.5 1
110.0 2
110.5 4
111.0 3
111.75 3
112.25 1
112.5 3
113.25 2
113.75 1
114.0 2
114.5 3
114.75 4
115.25 2
115.5 3
116.25 4
117.25 1
118.25 1
119.0 1
121.0 3
121.75 3
121.75 1
122.5 3
122.5 1
123.25 2
123.5 1
124.0 3
124.5 1
124.75 3
125.5 2
126.0 1
126.25 2
126.75 3
127.0 4
127.5 2
128.5 2
129.25 3
129.75 1
130.0 4
130.75 4
131.25 1
131.5 2
132.0 4
132.25 2
132.5 3
133.25 3
133.5 4
134.0 1
134.25 2
134.75 3
135.0 1
136.25 3
136.75 1
137.0 3
137.5 1
137.75 3
138.0 2
138.25 3
138.25 4
138.75 3
139.0 2
139.25 1
139.75 2
140.75 2
140.75 3
141.5 3
141.75 2
142.0 1
142.25 3
142.75 1
143.0 2
143.25 1
143.5 2
144.25 3
145.75 3
145.75 1
147.0 3
147.0 1
147.75 4
147.75 2
148.25 1
148.5 3
149.0 1
149.25 4
150.0 3
150.75 2
151.25 1
151.5 2
152.0 3
152.25 1
152.75 2
153.0 3
153.5 1
154.25 2
154.25 3
154.5 2
155.0 1
155.25 3
156.0 2
156.5 1
156.75 2
157.25 3
157.5 3
158.0 3
160.25 1
160.5 2
160.75 3
161.0 2
161.5 3
161.75 3
162.25 4
162.5 3
163.25 4
163.25 3
163.5 2
163.75 1
164.0 2
164.0 3
164.5 1
166.5 1
166.5 2
166.75 3
167.25 1
167.5 2
168.0 3
168.75 4
170.5 1
171.5 3
171.5 2
172.25 2
172.25 3
173.0 3
173.0 2
173.25 3
173.25 2
173.75 2
173.75 3
174.0 1
174.5 2
174.5 3
175.0 3
175.0 4
175.5 4
176.0 1
176.5 3
176.75 2
177.5 1
178.5 2
179.0 3
179.0 2
179.5 4
179.5 2
180.0 4
180.5 3
181.0 2
181.5 1
181.75 2
182.0 3
182.25 1
182.5 4
183.0 3
183.75 2
184.5 3
185.25 3
185.5 1
186.0 3
186.75 4
187.25 2
187.5 3
187.5 4
187.75 3
188.25 3
188.75 1
188.75 2
189.0 2
190.5 2
190.5 3
191.25 1
191.75 3
192.5 3
193.5 3
194.0 1
194.25 3
195.0 3
196.0 3
196.75 1
197.0 2
197.5 3
197.75 1
198.25 2
198.5 1
199.0 4
199.25 3
200.0 4
200.5 2
200.75 3
201.25 1
202.0 2
203.25 1
203.5 2
204.0 1
204.25 4
205.0 3
205.75 2
206.25 1
206.5 2
206.5 3
207.0 1
207.25 2
207.75 3
208.5 4
208.75 3
209.75 3
210.0 1
210.5 3
211.25 2
211.5 1
212.0 2
212.25 3
212.75 4
213.0 2
213.0 3
213.75 4
215.0 1
216.0 2
216.75 3
217.75 4
218.5 1
219.25 2
220.0 3
220.75 4
221.0 1
221.5 2
221.75 3
222.25 1
222.75 2
223.0 2
223.5 4
223.75 3
224.25 1
224.5 2
225.0 3
225.25 1
225.75 2
226.0 2
226.5 4
226.75 3
227.25 1
227.5 2
228.0 3
228.25 1
228.75 2
229.25 3
229.5 4
230.0 3
230.25 1
230.75 2
231.0 3
231.5 1
231.75 2
232.25 3
232.25 3
232.75 4
233.0 3
233.25 1
233.75 2
234.0 3
234.5 1
234.75 2
235.25 3
235.75 4
236.0 3
236.5 1
236.75 3
237.25 2
237.5 1
238.0 4
238.5 2
238.75 3
239.0 1
239.5 2
239.75 1
240.25 3
240.5 1
241.0 4
241.5 2
241.75 3
242.25 1
242.5 4
242.75 2
243.25 3
243.75 1
244.0 4
244.5 2
244.75 3
245.25 1
245.5 1
246.0 2
246.25 3
246.75 1
247.0 2
247.5 3
248.0 4
248.25 3
248.75 1
249.0 2
249.5 3
249.75 1
250.25 2
250.5 3
251.0 4
251.25 3
251.75 2
252.0 3
252.5 2
252.75 1
253.25 3
253.75 2
254.0 1
254.5 2
254.75 3
255.0 1
255.5 4
256.0 3
256.25 2
256.75 3
257.0 2
257.5 1
257.75 3
258.25 2
258.5 4
259.0 1
259.5 2
259.75 4
260.0 3
260.5 1
260.75 2
261.25 4
261.75 3
262.0 1
262.25 2
262.75 4
263.0 3
263.5 1
264.0 2
264.25 3
264.75 4
265.0 1
265.5 2
265.75 3
266.25 4
267.0 1
267.75 1
268.5 2
269.0 3
269.25 4
270.0 1
270.5 2
271.25 3
271.5 4
272.25 2
272.75 1
273.5 3
273.75 1
274.75 2
275.5 3
276.25 1
276.5 2
277.25 3
277.5 4
278.25 3
278.75 2
279.5 3
280.0 1
280.75 2
281.5 3
282.25 4
282.5 1
282.75 2
283.0 3
283.5 3
283.75 4
284.25 3
284.5 2
285.0 1
285.25 3
286.0 2
287.0 3
287.5 4
288.25 1
289.25 2
290.0 3
290.5 4
291.5 1
291.5 2
292.0 3
292.25 4
292.5 3
292.5 2
292.75 1
293.0 4
294.0 3
294.0 3
294.5 1
294.75 3
295.25 3
295.5 2
295.75 1
296.0 4
296.75 3
298.0 3
298.25 2
299.0 1
299.75 2
300.5 1
301.0 2
301.5 3
302.0 4
302.25 2
302.75 3
303.0 3
304.0 3
304.5 2
304.75 1
305.25 2
306.75 1
308.0 2
308.25 3
308.75 4
309.0 2
310.0 3
310.5 1
311.25 2
313.25 1
313.25 2
313.5 3
314.0 1
314.25 2
314.75 2
315.5 4
319.0 2
319.0 3
319.5 2
319.75 3
320.0 2
320.0 3
320.5 2
320.5 3
321.0 1
321.0 2
321.25 2
321.25 3
321.75 3
321.75 4
322.5 4
322.75 1
323.25 3
323.5 2
324.5 1
325.5 2
325.5 3
325.75 2
326.25 1
326.5 4
327.25 3
328.25 2
328.5 1
329.0 2
329.25 3
329.75 1
330.25 2
330.75 4
331.25 3
331.75 4
332.25 3
332.5 2
332.75 3
333.5 1
334.25 2
334.25 3
334.5 2
335.0 1
335.25 2
335.5 3
335.5 3
335.5 3
337.25 2
337.25 3
338.5 2
338.5 3
339.25 2
339.25 3
340.0 1
340.0 2
340.75 3
340.75 2
341.5 4
341.5 3
342.25 2
342.25 3
343.0 4
343.5 2
344.75 2
345.0 2
345.25 1
345.75 2
346.0 3
346.75 4
347.25 2
347.5 3
348.0 1
348.75 2
350.0 2
350.0 3
350.5 1
351.0 2
351.25 4
351.75 3
352.25 2
353.0 1
353.0 2
353.5 3
353.75 1
354.0 4
354.0 3
354.5 3
354.5 2
355.0 2
355.75 1
356.5 1
356.75 2
357.25 3
358.0 1
358.0 2
358.75 2
359.25 3
359.5 4
359.75 2
359.75 3
361.75 3
361.75 1
362.75 3
362.75 1
363.75 2
363.75 4
364.5 1
364.5 3
365.25 2
365.25 4
366.0 3
366.0 1
366.75 2
366.75 4
368.0 3
369.5 3
370.25 3
371.0 3
371.75 3
372.5 3
373.25 3
374.0 1
374.75 1
375.5 1
376.25 1
377.0 1
377.75 1
378.5 1
379.25 1
380.25 4
380.5 2
381.0 3
381.25 1
381.75 4
382.0 2
382.25 3
382.75 1
383.0 4
383.5 2
384.0 3
384.25 1
384.75 4
385.0 2
385.5 3
385.75 1
386.25 2
386.25 3
387.0 3
387.0 2
387.75 3
387.75 1
388.5 3
388.5 1
389.5 4
389.5 2
390.25 2
390.25 4
390.75 3
390.75 1
391.75 3
391.75 1
392.5 2
393.25 2
394.0 2
394.75 2
395.5 2
396.25 2
397.0 2
397.75 2
398.5 4
399.25 4
400.0 4
400.75 4
401.5 4
402.25 4
403.0 4
403.75 4
404.5 3
405.0 1
405.5 2
405.75 1
406.25 3
406.5 1
407.0 2
407.25 1
407.75 3
408.0 1
408.5 2
408.75 1
409.25 3
409.5 1
410.0 2
410.25 1
410.75 3
411.0 1
411.0 2
411.25 1
411.5 3
411.75 1
412.0 2
412.0 1
412.25 3
412.5 1
412.75 2
412.75 1
413.0 3
413.25 1
413.5 2
413.75 1
413.75 3
414.0 1
414.25 2
414.5 1
414.5 3
414.75 1
415.0 2
415.25 1
415.25 3
415.5 1
415.75 2
416.0 1
416.0 3
416.25 1
416.5 2
416.75 1
